Clipping_Coordinates: 241641.945334 6521353.796967 386169.791134 6657092.393967
Basin_Area: 11657095044.5