Clipping_Coordinates: 342178.141958 6707998.594880 432099.237958 6838099.068280
Basin_Area: 7176225693.7