Clipping_Coordinates: 393122.653198 6831426.572839 491645.729998 6996348.839439
Basin_Area: 7367365208.15